1,3.736912826347351,3.8524033321380617,16.20253164556962,16.20253164556962
2,2.153427911376953,2.2990545932769777,20.759493670886076,20.759493670886076
3,2.0086987397670746,2.1237217811584475,30.0,30.0
4,1.935458428096771,1.9566045427322387,30.126582278481013,30.126582278481013
5,1.8551951248645784,1.6818264450073241,37.721518987341774,37.721518987341774
6,1.7919534403800965,1.6671282373428344,40.25316455696203,40.25316455696203
7,1.7525837229728698,1.5191859972000121,43.29113924050633,43.29113924050633
8,1.6819592555046081,1.5531308908462524,42.91139240506329,43.29113924050633
9,1.6585344125270844,1.4786436193466186,44.81012658227848,44.81012658227848
10,1.607447784280777,1.4169409183502197,48.607594936708864,48.607594936708864
11,1.5776434981822967,1.4459119220733643,47.46835443037975,48.607594936708864
12,1.552729555940628,1.366332763671875,48.607594936708864,48.607594936708864
13,1.4804238442897797,1.34832110080719,50.75949367088607,50.75949367088607
14,1.4781508243083954,1.360686966896057,50.25316455696203,50.75949367088607
15,1.434983657360077,1.3955633918762207,49.11392405063291,50.75949367088607
16,1.4111063820838927,1.2613602600097655,53.924050632911396,53.924050632911396
17,1.3643743215560913,1.2585553436279298,54.30379746835443,54.30379746835443
18,1.369822070646286,1.2678098218917846,53.164556962025316,54.30379746835443
19,1.3497233489990232,1.2357969633102417,54.68354430379747,54.68354430379747
20,1.297738368320465,1.2304903062820434,54.30379746835443,54.68354430379747
21,1.2703678762435913,1.2256833906173705,54.43037974683544,54.68354430379747
22,1.2680283535003662,1.208233646774292,54.30379746835443,54.68354430379747
23,1.2301362726211549,1.1601876617431641,56.45569620253165,56.45569620253165
24,1.216170091152191,1.2000570304870606,56.58227848101266,56.58227848101266
25,1.1867878203868867,1.1327253821372987,60.50632911392405,60.50632911392405
26,1.1904114413261415,1.1554812588691712,59.24050632911393,60.50632911392405
27,1.1659437097549439,1.1383846076965332,61.139240506329116,61.139240506329116
28,1.1342190392971039,1.1988562487602235,57.59493670886076,61.139240506329116
29,1.1134782538890837,1.1105133551597595,59.24050632911393,61.139240506329116
30,1.0781606166362763,1.16198243227005,59.24050632911393,61.139240506329116
31,1.0714833965301513,1.1498183317184447,59.87341772151899,61.139240506329116
32,1.0656960862636566,1.0981244926452636,61.265822784810126,61.265822784810126
33,1.0454601167440414,1.143630329990387,58.9873417721519,61.265822784810126
34,1.0544025974750517,1.1316226634979247,58.9873417721519,61.265822784810126
35,1.0242864732265473,1.1797798600196838,59.87341772151899,61.265822784810126
36,1.0288169652938843,1.1275426528930663,59.620253164556964,61.265822784810126
37,0.98487435297966,1.1107727590560914,61.51898734177215,61.51898734177215
38,0.975389877820015,1.1050179354667664,61.265822784810126,61.51898734177215
39,0.9624887622594833,1.1100454531669617,60.50632911392405,61.51898734177215
40,0.9232266871929169,1.0986499470710755,61.139240506329116,61.51898734177215
41,0.9072647914886476,1.128116455745697,61.139240506329116,61.51898734177215
42,0.914302352809906,1.0807479313850403,61.139240506329116,61.51898734177215
43,0.8999251674175263,1.1207431229114533,60.12658227848101,61.51898734177215
44,0.9043376017570496,1.1583177027702332,61.0126582278481,61.51898734177215
45,0.8617205037355422,1.1194156295776367,61.392405063291136,61.51898734177215
46,0.8433249987125396,1.0720730706214905,63.037974683544306,63.037974683544306
47,0.8574757185459136,1.0805569452285766,62.78481012658228,63.037974683544306
48,0.8390462670564651,1.1664056056976317,61.89873417721519,63.037974683544306
49,0.8436012459993363,1.0732275559425355,62.65822784810127,63.037974683544306
50,0.7994050852298737,1.1286260709762572,63.037974683544306,63.037974683544306
51,0.8219493224620819,1.1013794322013855,62.0253164556962,63.037974683544306
52,0.8001708203792572,1.1103389226913452,60.88607594936709,63.037974683544306
53,0.7801898723840712,1.1020689467430114,62.53164556962025,63.037974683544306
54,0.7743039810419081,1.103045624923706,61.89873417721519,63.037974683544306
55,0.7482854028463364,1.1047267610549927,61.77215189873418,63.037974683544306
56,0.7378831467866899,1.073698471069336,64.0506329113924,64.0506329113924
57,0.716990755558014,1.1956531694412231,61.77215189873418,64.0506329113924
58,0.716395191502571,1.1001956910133361,61.64556962025316,64.0506329113924
59,0.7257813766479493,1.1252976707458495,63.54430379746835,64.0506329113924
60,0.6964600414276123,1.1616052887916566,64.68354430379746,64.68354430379746
61,0.7162529544591905,1.133053845024109,63.67088607594937,64.68354430379746
62,0.6943779056549072,1.188029386997223,61.77215189873418,64.68354430379746
63,0.6656463260650635,1.0936697860240936,65.44303797468355,65.44303797468355
64,0.6729811017513275,1.103495862865448,63.41772151898734,65.44303797468355
65,0.6168562614440918,1.1018446811676026,64.81012658227849,65.44303797468355
66,0.630053351521492,1.1804904002189636,64.55696202531645,65.44303797468355
67,0.6304345554351807,1.1806303478240967,62.91139240506329,65.44303797468355
68,0.6108915382623672,1.1454121627807616,63.924050632911396,65.44303797468355
69,0.6407201089501381,1.1313335904598236,63.54430379746835,65.44303797468355
70,0.5885391156435013,1.1243262826919556,64.55696202531645,65.44303797468355
71,0.6004520159721374,1.190883670425415,61.89873417721519,65.44303797468355
72,0.5647172064065933,1.1880732733726502,63.41772151898734,65.44303797468355
73,0.5876838778734207,1.2360734604358674,64.30379746835443,65.44303797468355
74,0.5856742537856102,1.1933788865089416,64.0506329113924,65.44303797468355
75,0.5601798031568527,1.1765996046066285,64.30379746835443,65.44303797468355
76,0.5521213528871537,1.1513139357566833,64.30379746835443,65.44303797468355
77,0.5355300271749497,1.2968668537139894,62.151898734177216,65.44303797468355
78,0.5582563107848167,1.1735417204856873,64.81012658227849,65.44303797468355
79,0.5443427420616149,1.2044408219337464,63.54430379746835,65.44303797468355
80,0.5402622739553451,1.2031654483795167,65.18987341772151,65.44303797468355
81,0.519130315732956,1.1878162442207336,64.68354430379746,65.44303797468355
82,0.5142911863207817,1.2363336416244506,64.30379746835443,65.44303797468355
83,0.5130127106666564,1.2142773684501649,65.0632911392405,65.44303797468355
84,0.5112699651479721,1.2569471971035004,63.29113924050633,65.44303797468355
85,0.4909908826231956,1.2108556522369385,64.17721518987342,65.44303797468355
86,0.5007129310846329,1.3046181758880615,63.54430379746835,65.44303797468355
87,0.48514773874282835,1.2359692428588867,65.44303797468355,65.44303797468355
88,0.4997819108486175,1.2296759363174439,65.82278481012658,65.82278481012658
89,0.4439991461515427,1.1726760229110718,66.07594936708861,66.07594936708861
90,0.4907677124261856,1.2210683909416198,66.07594936708861,66.07594936708861
91,0.45735713405609135,1.2176086744308472,64.68354430379746,66.07594936708861
92,0.4763385236740113,1.2760897395133972,63.67088607594937,66.07594936708861
93,0.45472920771837233,1.2738152904510498,64.17721518987342,66.07594936708861
94,0.4389768582344055,1.2844262706756593,65.31645569620254,66.07594936708861
95,0.43035008072853087,1.2109481240272522,65.44303797468355,66.07594936708861
96,0.4226835039615631,1.2804624081611633,63.79746835443038,66.07594936708861
97,0.43153042175769807,1.2650863472938538,64.81012658227849,66.07594936708861
98,0.441508902990818,1.2290749252319335,66.70886075949367,66.70886075949367
99,0.4146366270303726,1.3111818831443787,65.9493670886076,66.70886075949367
100,0.42655434054136276,1.3230981788635254,64.0506329113924,66.70886075949367
101,0.437953178691864,1.33224302816391,65.18987341772151,66.70886075949367
102,0.3977471308112145,1.2589336071014405,66.45569620253164,66.70886075949367
103,0.40696876463890075,1.3416239216804504,63.41772151898734,66.70886075949367
104,0.380617303609848,1.3136098847389222,65.44303797468355,66.70886075949367
105,0.4192536190867424,1.3906184452056884,63.79746835443038,66.70886075949367
106,0.3871171761631965,1.300169497203827,64.55696202531645,66.70886075949367
107,0.38389954496622086,1.4351707740783692,64.17721518987342,66.70886075949367
108,0.4014399090766907,1.340352243900299,66.32911392405063,66.70886075949367
109,0.3524679660081863,1.2966970678806304,65.82278481012658,66.70886075949367
110,0.3733365951776505,1.352471546268463,65.0632911392405,66.70886075949367
111,0.34766680387258525,1.3578787594795227,65.0632911392405,66.70886075949367
112,0.3780809882164001,1.4633889645576477,64.30379746835443,66.70886075949367
113,0.3615596981525421,1.371314412021637,65.31645569620254,66.70886075949367
114,0.3422110519170761,1.4362504544258117,65.56962025316456,66.70886075949367
115,0.35296299126148223,1.3848003993988036,63.79746835443038,66.70886075949367
116,0.33947444407939914,1.5630849335670471,63.79746835443038,66.70886075949367
117,0.3524246789932251,1.4055212693691255,64.30379746835443,66.70886075949367
118,0.3527803973555565,1.4366362532615662,64.17721518987342,66.70886075949367
119,0.34229686371088025,1.4324230859279632,66.32911392405063,66.70886075949367
120,0.336391193652153,1.5730737365722656,62.40506329113924,66.70886075949367
121,0.3492610540628433,1.3677646916389465,66.20253164556962,66.70886075949367
122,0.3374900003910065,1.462829688835144,64.81012658227849,66.70886075949367
123,0.33050125007629394,1.5211334059715271,66.32911392405063,66.70886075949367
124,0.31862787030935286,1.488237766647339,63.41772151898734,66.70886075949367
125,0.3114534660696983,1.4799028903484344,65.82278481012658,66.70886075949367
126,0.30547414919734006,1.456985814523697,65.9493670886076,66.70886075949367
127,0.3151001201748848,1.462591136264801,64.55696202531645,66.70886075949367
128,0.2990196583747864,1.482329527568817,64.81012658227849,66.70886075949367
129,0.3046048623085022,1.4300309653282166,62.91139240506329,66.70886075949367
130,0.3107902678728104,1.4079637907028197,66.20253164556962,66.70886075949367
131,0.28971154017448425,1.518799672985077,64.68354430379746,66.70886075949367
132,0.3233355176210403,1.4978148476600648,65.9493670886076,66.70886075949367
133,0.2832434992790222,1.4915976802825928,65.82278481012658,66.70886075949367
134,0.26805714377760886,1.444720369911194,65.69620253164557,66.70886075949367
135,0.28975594704151153,1.527274121284485,62.78481012658228,66.70886075949367
136,0.27735269635915755,1.581909893798828,63.79746835443038,66.70886075949367
137,0.2830023422598839,1.4419008336544037,65.18987341772151,66.70886075949367
138,0.3176644766569138,1.5084146408081054,63.54430379746835,66.70886075949367
139,0.28359861842393874,1.5711702218055725,63.164556962025316,66.70886075949367
140,0.2599824411511421,1.5063327101707458,64.55696202531645,66.70886075949367
141,0.29146147944927214,1.588793811225891,63.41772151898734,66.70886075949367
142,0.2670599855005741,1.5388058842658996,63.67088607594937,66.70886075949367
143,0.2949711564302444,1.5783450823783876,64.55696202531645,66.70886075949367
144,0.2541920176982879,1.4819034999847411,65.56962025316456,66.70886075949367
145,0.28876814591884614,1.5692927001953125,63.164556962025316,66.70886075949367
146,0.2667132381439209,1.5849163006782532,63.54430379746835,66.70886075949367
147,0.28377591953277587,1.6731532644271851,64.9367088607595,66.70886075949367
148,0.29738488501310345,1.6160418270111083,64.9367088607595,66.70886075949367
149,0.2558032416462898,1.5659734720230103,65.44303797468355,66.70886075949367
150,0.27223702458143234,1.5555622257232666,67.34177215189874,67.34177215189874
151,0.2907026152729988,1.569717155265808,62.151898734177216,67.34177215189874
152,0.2451564047694206,1.6488257739067078,65.18987341772151,67.34177215189874
153,0.26259557180404663,1.6301425462722778,62.151898734177216,67.34177215189874
154,0.26259817490577697,1.661653026008606,64.9367088607595,67.34177215189874
155,0.24165952082276343,1.6007543125152588,65.31645569620254,67.34177215189874
156,0.24806118730306623,1.6173299706459046,64.68354430379746,67.34177215189874
157,0.268469043803215,1.71997446975708,65.69620253164557,67.34177215189874
158,0.24229126871824264,1.6121375655174255,64.43037974683544,67.34177215189874
159,0.2731133007287979,1.6221584880828857,64.30379746835443,67.34177215189874
160,0.23198538941144942,1.6373157249450683,64.43037974683544,67.34177215189874
161,0.2648148806273937,1.7386684532165528,63.54430379746835,67.34177215189874
162,0.21158639478683472,1.5948673654556274,65.31645569620254,67.34177215189874
163,0.2332632317721844,1.6529664636611938,65.9493670886076,67.34177215189874
164,0.23331311434507368,1.8215013469696044,62.91139240506329,67.34177215189874
165,0.22629195365309718,1.6407745208740234,63.164556962025316,67.34177215189874
166,0.21021164448857307,1.6855730617523192,63.54430379746835,67.34177215189874
167,0.2174559158980846,1.7266997486114501,62.91139240506329,67.34177215189874
168,0.23057245205044746,1.709336600112915,64.17721518987342,67.34177215189874
169,0.22920367358922958,1.7507249458312988,64.68354430379746,67.34177215189874
170,0.22824511622786525,1.6800901165008546,64.68354430379746,67.34177215189874
171,0.23040673228502273,1.8542592973709107,65.56962025316456,67.34177215189874
172,0.22825537779331206,1.6057364119529725,65.0632911392405,67.34177215189874
173,0.2428944708764553,1.6488130211353302,65.69620253164557,67.34177215189874
174,0.21420835216641426,1.7262520540237427,62.78481012658228,67.34177215189874
175,0.21571330620646478,1.7699618825912475,64.9367088607595,67.34177215189874
176,0.239603239685297,1.7288705026626587,63.54430379746835,67.34177215189874
177,0.2117438125282526,1.6513845056533814,65.0632911392405,67.34177215189874
178,0.23074034974575044,1.7988099901199341,65.44303797468355,67.34177215189874
179,0.2258070358455181,1.7096878541946412,65.31645569620254,67.34177215189874
180,0.20622547460794452,1.7736905278205872,63.54430379746835,67.34177215189874
181,0.20125307910442353,1.6428684371948241,66.45569620253164,67.34177215189874
182,0.20696345804929733,1.741034334564209,66.07594936708861,67.34177215189874
183,0.18975257756710054,1.8610615919113158,64.55696202531645,67.34177215189874
184,0.2037365654706955,1.8407030826568604,65.0632911392405,67.34177215189874
185,0.19741667499542237,1.724972794342041,65.56962025316456,67.34177215189874
186,0.2001543739438057,1.8115206764221192,61.392405063291136,67.34177215189874
187,0.22011862357854844,1.794028613471985,64.0506329113924,67.34177215189874
188,0.22278547211289404,1.945810726737976,63.54430379746835,67.34177215189874
189,0.2055730059027672,1.7663902568817138,65.56962025316456,67.34177215189874
190,0.21748579793572426,1.7149151735305785,63.41772151898734,67.34177215189874
191,0.20328914951086044,1.834796711921692,63.29113924050633,67.34177215189874
192,0.19787193883657456,1.8763557276725769,65.0632911392405,67.34177215189874
193,0.18094214759469035,1.7259674882888794,64.43037974683544,67.34177215189874
194,0.2045630110025406,1.7804237464904784,64.30379746835443,67.34177215189874
195,0.21338740724325184,1.8103129920959473,63.79746835443038,67.34177215189874
196,0.22974184073209764,1.8334287162780762,65.69620253164557,67.34177215189874
197,0.1951511174976826,1.77875394115448,64.68354430379746,67.34177215189874
198,0.1819016006588936,1.8558549430847169,64.9367088607595,67.34177215189874
199,0.21542318458557128,1.8403094162940978,65.9493670886076,67.34177215189874
200,0.2172884528815746,1.8868897106170655,64.55696202531645,67.34177215189874
